# oST version 5.0 parameters


[image]

width
1280

height
960

[narrow_stereo]

camera matrix
801.988522 0.000000 638.904040
0.000000 804.737034 504.780967
0.000000 0.000000 1.000000

distortion
-0.306062 0.077114 -0.001618 0.000199 0.000000

rectification
1.000000 0.000000 0.000000
0.000000 1.000000 0.000000
0.000000 0.000000 1.000000

projection
605.559753 0.000000 638.542754 0.000000
0.000000 702.209534 510.014074 0.000000
0.000000 0.000000 1.000000 0.000000
